0 : 228 10 20
1 : 221 10 20
2 : 246 10 20
3 : 243 10 20
4 : 212 10 20
5 : 232 10 20
6 : 216 10 20
7 : 212 10 20
8 : 212 10 20
9 : 212 10 20
10 : 212 10 20
11 : 212 10 20
12 : 211 10 20
13 : 212 10 20
14 : 212 10 20
15 : 212 10 20
16 : 212 10 20
17 : 212 10 20
18 : 212 10 20
19 : 212 10 20
20 : 212 10 20
21 : 212 10 20
22 : 212 10 20
23 : 212 10 20
24 : 212 10 20
25 : 212 10 20
26 : 212 10 20
27 : 212 10 20
28 : 255 10 20
29 : 212 10 20
30 : 212 10 20
31 : 212 10 20
32 : 255 4 20
33 : 198 5 20
34 : 229 8 20
35 : 175 9 20
36 : 185 9 20
37 : 196 13 20
38 : 193 11 20
39 : 229 4 20
40 : 173 5 20
41 : 173 5 20
42 : 209 9 20
43 : 221 9 20
44 : 235 4 20
45 : 242 5 20
46 : 242 4 20
47 : 178 4 20
48 : 189 9 20
49 : 218 9 20
50 : 205 9 20
51 : 201 9 20
52 : 199 9 20
53 : 196 9 20
54 : 194 9 20
55 : 213 9 20
56 : 182 9 20
57 : 194 9 20
58 : 229 4 20
59 : 223 4 20
60 : 223 9 20
61 : 235 9 20
62 : 223 9 20
63 : 219 10 20
64 : 189 16 20
65 : 204 12 20
66 : 194 12 20
67 : 210 12 20
68 : 199 12 20
69 : 207 11 20
70 : 210 10 20
71 : 204 13 20
72 : 198 12 20
73 : 193 5 20
74 : 211 9 20
75 : 200 11 20
76 : 216 10 20
77 : 185 14 20
78 : 187 12 20
79 : 207 13 20
80 : 204 11 20
81 : 200 13 20
82 : 197 12 20
83 : 210 11 20
84 : 214 10 20
85 : 202 12 20
86 : 206 11 20
87 : 193 15 20
88 : 204 11 20
89 : 210 11 20
90 : 206 10 20
91 : 163 5 20
92 : 160 10 20
93 : 163 5 20
94 : 234 5 20
95 : 242 9 20
96 : 237 5 20
97 : 202 10 20
98 : 196 10 20
99 : 215 9 20
100 : 196 10 20
101 : 207 10 20
102 : 193 6 20
103 : 187 10 20
104 : 198 10 20
105 : 184 4 20
106 : 159 4 20
107 : 195 9 20
108 : 178 4 20
109 : 202 14 20
110 : 206 10 20
111 : 209 10 20
112 : 193 10 20
113 : 193 10 20
114 : 211 7 20
115 : 208 9 20
116 : 193 6 20
117 : 206 10 20
118 : 206 9 20
119 : 205 14 20
120 : 200 8 20
121 : 195 9 20
122 : 213 8 20
123 : 191 6 20
124 : 187 6 20
125 : 191 6 20
126 : 234 5 20
127 : 219 12 20
128 : 184 6 20
129 : 219 12 20
130 : 219 12 20
131 : 219 12 20
132 : 219 12 20
133 : 219 12 20
134 : 219 12 20
135 : 219 12 20
136 : 219 12 20
137 : 219 12 20
138 : 219 12 20
139 : 219 12 20
140 : 219 12 20
141 : 219 12 20
142 : 219 12 20
143 : 219 12 20
144 : 219 12 20
145 : 219 12 20
146 : 219 12 20
147 : 219 12 20
148 : 219 12 20
149 : 219 12 20
150 : 219 12 20
151 : 219 12 20
152 : 219 12 20
153 : 219 12 20
154 : 219 12 20
155 : 219 12 20
156 : 219 12 20
157 : 219 12 20
158 : 219 12 20
159 : 219 12 20
160 : 255 10 20
161 : 246 20 20
162 : 212 10 20
163 : 207 10 20
164 : 235 20 20
165 : 209 10 20
166 : 237 10 20
167 : 232 20 20
168 : 249 20 20
169 : 193 10 20
170 : 239 20 20
171 : 242 10 20
172 : 237 10 20
173 : 251 20 20
174 : 218 20 20
175 : 247 10 20
176 : 248 20 20
177 : 232 20 20
178 : 246 20 20
179 : 246 20 20
180 : 252 20 20
181 : 218 10 20
182 : 210 20 20
183 : 252 20 20
184 : 250 20 20
185 : 249 20 20
186 : 242 20 20
187 : 242 10 20
188 : 225 20 20
189 : 227 20 20
190 : 221 20 20
191 : 241 20 20
192 : 210 10 20
193 : 210 10 20
194 : 209 10 20
195 : 207 10 20
196 : 205 10 20
197 : 206 10 20
198 : 219 20 20
199 : 215 10 20
200 : 205 10 20
201 : 205 10 20
202 : 204 10 20
203 : 200 10 20
204 : 232 10 20
205 : 232 10 20
206 : 230 10 20
207 : 226 10 20
208 : 226 20 20
209 : 196 10 20
210 : 211 10 20
211 : 211 10 20
212 : 210 10 20
213 : 209 10 20
214 : 206 10 20
215 : 241 20 20
216 : 224 20 20
217 : 210 10 20
218 : 210 10 20
219 : 209 10 20
220 : 205 10 20
221 : 223 10 20
222 : 234 20 20
223 : 232 20 20
224 : 211 10 20
225 : 211 10 20
226 : 210 10 20
227 : 209 10 20
228 : 206 10 20
229 : 206 10 20
230 : 226 20 20
231 : 221 10 20
232 : 211 10 20
233 : 211 10 20
234 : 210 10 20
235 : 206 10 20
236 : 235 10 20
237 : 235 10 20
238 : 234 10 20
239 : 230 10 20
240 : 233 20 20
241 : 214 10 20
242 : 219 10 20
243 : 219 10 20
244 : 218 10 20
245 : 216 10 20
246 : 214 10 20
247 : 240 20 20
248 : 230 20 20
249 : 216 10 20
250 : 216 10 20
251 : 215 10 20
252 : 211 10 20
253 : 219 10 20
254 : 232 20 20
255 : 214 10 20
256 : 209 10 20
257 : 211 10 20
258 : 209 10 20
259 : 210 10 20
260 : 207 10 20
261 : 210 10 20
262 : 216 10 20
263 : 223 10 20
264 : 214 10 20
265 : 221 10 20
266 : 216 10 20
267 : 223 10 20
268 : 214 10 20
269 : 221 10 20
270 : 205 10 20
271 : 206 10 20
272 : 205 10 20
273 : 227 20 20
274 : 204 10 20
275 : 210 10 20
276 : 204 10 20
277 : 210 10 20
278 : 205 10 20
279 : 211 10 20
280 : 204 10 20
281 : 210 10 20
282 : 202 10 20
283 : 210 10 20
284 : 202 10 20
285 : 198 10 20
286 : 204 10 20
287 : 197 10 20
288 : 205 10 20
289 : 200 10 20
290 : 204 10 20
291 : 201 10 20
292 : 204 10 20
293 : 211 10 20
294 : 224 20 20
295 : 233 20 20
296 : 229 10 20
297 : 233 10 20
298 : 230 10 20
299 : 234 10 20
300 : 230 10 20
301 : 234 10 20
302 : 232 10 20
303 : 228 10 20
304 : 232 10 20
305 : 247 20 20
306 : 233 20 20
307 : 232 20 20
308 : 224 10 20
309 : 229 10 20
310 : 211 10 20
311 : 215 10 20
312 : 239 20 20
313 : 223 10 20
314 : 232 10 20
315 : 221 10 20
316 : 230 10 20
317 : 221 10 20
318 : 232 10 20
319 : 239 20 20
320 : 243 20 20
321 : 238 20 20
322 : 243 20 20
323 : 198 10 20
324 : 216 10 20
325 : 196 10 20
326 : 214 10 20
327 : 196 10 20
328 : 214 10 20
329 : 235 20 20
330 : 224 20 20
331 : 232 20 20
332 : 210 10 20
333 : 218 10 20
334 : 210 10 20
335 : 218 10 20
336 : 206 10 20
337 : 214 10 20
338 : 219 20 20
339 : 227 20 20
340 : 202 10 20
341 : 230 10 20
342 : 200 10 20
343 : 229 10 20
344 : 201 10 20
345 : 229 10 20
346 : 210 10 20
347 : 219 10 20
348 : 209 10 20
349 : 218 10 20
350 : 209 10 20
351 : 218 10 20
352 : 209 10 20
353 : 216 10 20
354 : 220 10 20
355 : 221 10 20
356 : 220 10 20
357 : 223 10 20
358 : 234 20 20
359 : 239 20 20
360 : 207 10 20
361 : 214 10 20
362 : 209 10 20
363 : 216 10 20
364 : 209 10 20
365 : 214 10 20
366 : 205 10 20
367 : 211 10 20
368 : 205 10 20
369 : 211 10 20
370 : 209 10 20
371 : 215 10 20
372 : 195 10 20
373 : 205 10 20
374 : 221 10 20
375 : 216 10 20
376 : 218 10 20
377 : 211 10 20
378 : 218 10 20
379 : 211 10 20
380 : 218 10 20
381 : 210 10 20
382 : 215 10 20
383 : 232 10 20
384 : 219 12 20
385 : 219 12 20
386 : 219 12 20
387 : 219 12 20
388 : 219 12 20
389 : 219 12 20
390 : 219 12 20
391 : 219 12 20
392 : 219 12 20
393 : 219 12 20
394 : 219 12 20
395 : 219 12 20
396 : 219 12 20
397 : 219 12 20
398 : 219 12 20
399 : 219 12 20
400 : 219 12 20
401 : 219 12 20
402 : 219 10 20
403 : 219 12 20
404 : 219 12 20
405 : 219 12 20
406 : 219 12 20
407 : 219 12 20
408 : 219 12 20
409 : 219 12 20
410 : 219 12 20
411 : 219 12 20
412 : 219 12 20
413 : 219 12 20
414 : 219 12 20
415 : 219 12 20
416 : 219 12 20
417 : 219 12 20
418 : 219 12 20
419 : 219 12 20
420 : 219 12 20
421 : 219 12 20
422 : 219 12 20
423 : 219 12 20
424 : 219 12 20
425 : 219 12 20
426 : 219 12 20
427 : 219 12 20
428 : 219 12 20
429 : 219 12 20
430 : 219 12 20
431 : 219 12 20
432 : 219 12 20
433 : 219 12 20
434 : 219 12 20
435 : 219 12 20
436 : 219 12 20
437 : 219 12 20
438 : 219 12 20
439 : 219 12 20
440 : 219 12 20
441 : 219 12 20
442 : 219 12 20
443 : 219 12 20
444 : 219 12 20
445 : 219 12 20
446 : 219 12 20
447 : 219 12 20
448 : 219 12 20
449 : 219 12 20
450 : 219 12 20
451 : 219 12 20
452 : 219 12 20
453 : 219 12 20
454 : 219 12 20
455 : 219 12 20
456 : 219 12 20
457 : 219 12 20
458 : 219 12 20
459 : 219 12 20
460 : 219 12 20
461 : 219 12 20
462 : 219 12 20
463 : 219 12 20
464 : 219 12 20
465 : 219 12 20
466 : 219 12 20
467 : 219 12 20
468 : 219 12 20
469 : 219 12 20
470 : 219 12 20
471 : 219 12 20
472 : 219 12 20
473 : 219 12 20
474 : 219 12 20
475 : 219 12 20
476 : 219 12 20
477 : 219 12 20
478 : 219 12 20
479 : 219 12 20
480 : 219 12 20
481 : 219 12 20
482 : 219 12 20
483 : 219 12 20
484 : 219 12 20
485 : 219 12 20
486 : 219 12 20
487 : 219 12 20
488 : 219 12 20
489 : 219 12 20
490 : 219 12 20
491 : 219 12 20
492 : 219 12 20
493 : 219 12 20
494 : 219 12 20
495 : 219 12 20
496 : 219 12 20
497 : 219 12 20
498 : 219 12 20
499 : 219 12 20
500 : 219 12 20
501 : 219 12 20
502 : 219 12 20
503 : 219 12 20
504 : 219 12 20
505 : 219 12 20
506 : 206 10 20
507 : 205 10 20
508 : 198 10 20
509 : 200 10 20
510 : 193 10 20
511 : 205 10 20
512 : 219 12 20
513 : 219 12 20
514 : 219 12 20
515 : 219 12 20
516 : 219 12 20
517 : 219 12 20
518 : 219 12 20
519 : 219 12 20
520 : 219 12 20
521 : 219 12 20
522 : 219 12 20
523 : 219 12 20
524 : 219 12 20
525 : 219 12 20
526 : 219 12 20
527 : 219 12 20
528 : 219 12 20
529 : 219 12 20
530 : 219 12 20
531 : 219 12 20
532 : 219 12 20
533 : 219 12 20
534 : 219 12 20
535 : 219 12 20
536 : 219 12 20
537 : 219 12 20
538 : 219 12 20
539 : 219 12 20
540 : 219 12 20
541 : 219 12 20
542 : 219 12 20
543 : 219 12 20
544 : 219 12 20
545 : 219 12 20
546 : 219 12 20
547 : 219 12 20
548 : 219 12 20
549 : 219 12 20
550 : 219 12 20
551 : 219 12 20
552 : 219 12 20
553 : 219 12 20
554 : 219 12 20
555 : 219 12 20
556 : 219 12 20
557 : 219 12 20
558 : 219 12 20
559 : 219 12 20
560 : 219 12 20
561 : 219 12 20
562 : 219 12 20
563 : 219 12 20
564 : 219 12 20
565 : 219 12 20
566 : 219 12 20
567 : 219 12 20
568 : 219 12 20
569 : 219 12 20
570 : 219 12 20
571 : 219 12 20
572 : 219 12 20
573 : 219 12 20
574 : 219 12 20
575 : 219 12 20
576 : 219 12 20
577 : 219 12 20
578 : 219 12 20
579 : 219 12 20
580 : 219 12 20
581 : 219 12 20
582 : 219 12 20
583 : 219 12 20
584 : 219 12 20
585 : 219 12 20
586 : 219 12 20
587 : 219 12 20
588 : 219 12 20
589 : 219 12 20
590 : 219 12 20
591 : 219 12 20
592 : 219 12 20
593 : 219 12 20
594 : 219 12 20
595 : 219 12 20
596 : 219 12 20
597 : 219 12 20
598 : 219 12 20
599 : 219 12 20
600 : 219 12 20
601 : 219 12 20
602 : 219 12 20
603 : 219 12 20
604 : 219 12 20
605 : 219 12 20
606 : 219 12 20
607 : 219 12 20
608 : 219 12 20
609 : 219 12 20
610 : 219 12 20
611 : 219 12 20
612 : 219 12 20
613 : 219 12 20
614 : 219 12 20
615 : 219 12 20
616 : 219 12 20
617 : 219 12 20
618 : 219 12 20
619 : 219 12 20
620 : 219 12 20
621 : 219 12 20
622 : 219 12 20
623 : 219 12 20
624 : 219 12 20
625 : 219 12 20
626 : 219 12 20
627 : 219 12 20
628 : 219 12 20
629 : 219 12 20
630 : 219 12 20
631 : 219 12 20
632 : 219 12 20
633 : 219 12 20
634 : 219 12 20
635 : 219 12 20
636 : 219 12 20
637 : 219 12 20
638 : 219 12 20
639 : 219 12 20
640 : 219 12 20
641 : 219 12 20
642 : 219 12 20
643 : 219 12 20
644 : 219 12 20
645 : 219 12 20
646 : 219 12 20
647 : 219 12 20
648 : 219 12 20
649 : 219 12 20
650 : 219 12 20
651 : 219 12 20
652 : 219 12 20
653 : 219 12 20
654 : 219 12 20
655 : 219 12 20
656 : 219 12 20
657 : 219 12 20
658 : 219 12 20
659 : 219 12 20
660 : 219 12 20
661 : 219 12 20
662 : 219 12 20
663 : 219 12 20
664 : 219 12 20
665 : 219 12 20
666 : 219 12 20
667 : 219 12 20
668 : 219 12 20
669 : 219 12 20
670 : 219 12 20
671 : 219 12 20
672 : 219 12 20
673 : 219 12 20
674 : 219 12 20
675 : 219 12 20
676 : 219 12 20
677 : 219 12 20
678 : 219 12 20
679 : 219 12 20
680 : 219 12 20
681 : 219 12 20
682 : 219 12 20
683 : 219 12 20
684 : 219 12 20
685 : 219 12 20
686 : 219 12 20
687 : 219 12 20
688 : 219 12 20
689 : 219 12 20
690 : 219 12 20
691 : 219 12 20
692 : 219 12 20
693 : 219 12 20
694 : 219 12 20
695 : 219 12 20
696 : 219 12 20
697 : 219 12 20
698 : 219 12 20
699 : 219 12 20
700 : 219 12 20
701 : 219 12 20
702 : 219 12 20
703 : 219 12 20
704 : 219 12 20
705 : 219 12 20
706 : 219 12 20
707 : 219 12 20
708 : 219 12 20
709 : 219 12 20
710 : 248 10 20
711 : 251 20 20
712 : 219 12 20
713 : 247 10 20
714 : 219 12 20
715 : 219 12 20
716 : 219 12 20
717 : 219 12 20
718 : 219 12 20
719 : 219 12 20
720 : 243 20 20
721 : 219 12 20
722 : 219 12 20
723 : 219 12 20
724 : 219 12 20
725 : 219 12 20
726 : 219 12 20
727 : 219 12 20
728 : 251 20 20
729 : 252 20 20
730 : 247 20 20
731 : 251 20 20
732 : 247 10 20
733 : 249 20 20
734 : 219 12 20
735 : 219 12 20
736 : 219 12 20
737 : 219 12 20
738 : 219 12 20
739 : 219 12 20
740 : 219 12 20
741 : 219 12 20
742 : 219 12 20
743 : 219 12 20
744 : 219 12 20
745 : 219 12 20
746 : 219 12 20
747 : 219 12 20
748 : 219 12 20
749 : 219 12 20
750 : 219 12 20
751 : 219 12 20
752 : 219 12 20
753 : 219 12 20
754 : 219 12 20
755 : 219 12 20
756 : 219 12 20
757 : 219 12 20
758 : 219 12 20
759 : 219 12 20
760 : 219 12 20
761 : 219 12 20
762 : 219 12 20
763 : 219 12 20
764 : 219 12 20
765 : 219 12 20
766 : 219 12 20
767 : 219 12 20
768 : 219 12 20
769 : 219 12 20
770 : 219 12 20
771 : 219 12 20
772 : 219 12 20
773 : 219 12 20
774 : 219 12 20
775 : 219 12 20
776 : 219 12 20
777 : 219 12 20
778 : 219 12 20
779 : 219 12 20
780 : 219 12 20
781 : 219 12 20
782 : 219 12 20
783 : 219 12 20
784 : 219 12 20
785 : 219 12 20
786 : 219 12 20
787 : 219 12 20
788 : 219 12 20
789 : 219 12 20
790 : 219 12 20
791 : 219 12 20
792 : 219 12 20
793 : 219 12 20
794 : 219 12 20
795 : 219 12 20
796 : 219 12 20
797 : 219 12 20
798 : 219 12 20
799 : 219 12 20
800 : 219 12 20
801 : 219 12 20
802 : 219 12 20
803 : 219 12 20
804 : 219 12 20
805 : 219 12 20
806 : 219 12 20
807 : 219 12 20
808 : 219 12 20
809 : 219 12 20
810 : 219 12 20
811 : 219 12 20
812 : 219 12 20
813 : 219 12 20
814 : 219 12 20
815 : 219 12 20
816 : 219 12 20
817 : 219 12 20
818 : 219 12 20
819 : 219 12 20
820 : 219 12 20
821 : 219 12 20
822 : 219 12 20
823 : 219 12 20
824 : 219 12 20
825 : 219 12 20
826 : 219 12 20
827 : 219 12 20
828 : 219 12 20
829 : 219 12 20
830 : 219 12 20
831 : 219 12 20
832 : 219 12 20
833 : 219 12 20
834 : 219 12 20
835 : 219 12 20
836 : 219 12 20
837 : 219 12 20
838 : 219 12 20
839 : 219 12 20
840 : 219 12 20
841 : 219 12 20
842 : 219 12 20
843 : 219 12 20
844 : 219 12 20
845 : 219 12 20
846 : 219 12 20
847 : 219 12 20
848 : 219 12 20
849 : 219 12 20
850 : 219 12 20
851 : 219 12 20
852 : 219 12 20
853 : 219 12 20
854 : 219 12 20
855 : 219 12 20
856 : 219 12 20
857 : 219 12 20
858 : 219 12 20
859 : 219 12 20
860 : 219 12 20
861 : 219 12 20
862 : 219 12 20
863 : 219 12 20
864 : 219 12 20
865 : 219 12 20
866 : 219 12 20
867 : 219 12 20
868 : 219 12 20
869 : 219 12 20
870 : 219 12 20
871 : 219 12 20
872 : 219 12 20
873 : 219 12 20
874 : 219 12 20
875 : 219 12 20
876 : 219 12 20
877 : 219 12 20
878 : 219 12 20
879 : 219 12 20
880 : 219 12 20
881 : 219 12 20
882 : 219 12 20
883 : 219 12 20
884 : 219 12 20
885 : 219 12 20
886 : 219 12 20
887 : 219 12 20
888 : 219 12 20
889 : 219 12 20
890 : 219 12 20
891 : 219 12 20
892 : 219 12 20
893 : 219 12 20
894 : 248 10 20
895 : 219 12 20
896 : 219 12 20
897 : 219 12 20
898 : 219 12 20
899 : 219 12 20
900 : 251 10 20
901 : 248 10 20
902 : 211 10 20
903 : 249 10 20
904 : 210 10 20
905 : 207 10 20
906 : 233 10 20
907 : 219 12 20
908 : 212 10 20
909 : 219 12 20
910 : 224 10 20
911 : 204 10 20
912 : 229 10 20
913 : 233 20 20
914 : 225 20 20
915 : 241 20 20
916 : 231 20 20
917 : 230 20 20
918 : 233 20 20
919 : 231 20 20
920 : 226 20 20
921 : 246 20 20
922 : 235 20 20
923 : 238 20 20
924 : 223 20 20
925 : 229 20 20
926 : 234 20 20
927 : 232 20 20
928 : 233 20 20
929 : 233 20 20
930 : 219 12 20
931 : 233 20 20
932 : 239 20 20
933 : 241 20 20
934 : 228 20 20
935 : 237 20 20
936 : 232 20 20
937 : 230 20 20
938 : 226 10 20
939 : 218 10 20
940 : 214 10 20
941 : 221 10 20
942 : 212 10 20
943 : 232 10 20
944 : 218 10 20
945 : 234 20 20
946 : 230 20 20
947 : 236 20 20
948 : 235 20 20
949 : 240 20 20
950 : 237 20 20
951 : 235 20 20
952 : 227 20 20
953 : 245 20 20
954 : 239 20 20
955 : 237 20 20
956 : 235 20 20
957 : 240 20 20
958 : 237 20 20
959 : 237 20 20
960 : 231 20 20
961 : 234 20 20
962 : 225 10 20
963 : 234 20 20
964 : 239 20 20
965 : 239 20 20
966 : 230 20 20
967 : 235 20 20
968 : 230 20 20
969 : 233 20 20
970 : 225 10 20
971 : 214 10 20
972 : 220 10 20
973 : 220 10 20
974 : 211 10 20
975 : 219 12 20
976 : 219 12 20
977 : 219 12 20
978 : 219 12 20
979 : 219 12 20
980 : 219 12 20
981 : 219 12 20
982 : 219 12 20
983 : 219 12 20
984 : 219 12 20
985 : 219 12 20
986 : 219 12 20
987 : 219 12 20
988 : 219 12 20
989 : 219 12 20
990 : 219 12 20
991 : 219 12 20
992 : 219 12 20
993 : 219 12 20
994 : 219 12 20
995 : 219 12 20
996 : 219 12 20
997 : 219 12 20
998 : 219 12 20
999 : 219 12 20
1000 : 219 12 20
1001 : 219 12 20
1002 : 219 12 20
1003 : 219 12 20
1004 : 219 12 20
1005 : 219 12 20
1006 : 219 12 20
1007 : 219 12 20
1008 : 219 12 20
1009 : 219 12 20
1010 : 219 12 20
1011 : 219 12 20
1012 : 219 12 20
1013 : 219 12 20
1014 : 219 12 20
1015 : 219 12 20
1016 : 219 12 20
1017 : 219 12 20
1018 : 219 12 20
1019 : 219 12 20
1020 : 219 12 20
1021 : 219 12 20
1022 : 219 12 20
1023 : 219 12 20
1024 : 219 12 20
1025 : 225 20 20
1026 : 209 10 20
1027 : 224 10 20
1028 : 214 10 20
1029 : 215 10 20
1030 : 237 10 20
1031 : 226 10 20
1032 : 229 10 20
1033 : 206 10 20
1034 : 204 10 20
1035 : 212 10 20
1036 : 214 10 20
1037 : 219 12 20
1038 : 212 10 20
1039 : 210 10 20
1040 : 233 20 20
1041 : 227 20 20
1042 : 225 20 20
1043 : 241 20 20
1044 : 224 20 20
1045 : 230 20 20
1046 : 220 20 20
1047 : 233 20 20
1048 : 230 20 20
1049 : 225 20 20
1050 : 235 20 20
1051 : 233 20 20
1052 : 221 20 20
1053 : 231 20 20
1054 : 232 20 20
1055 : 232 20 20
1056 : 233 20 20
1057 : 234 20 20
1058 : 239 20 20
1059 : 239 20 20
1060 : 228 20 20
1061 : 237 20 20
1062 : 230 20 20
1063 : 237 20 20
1064 : 221 20 20
1065 : 219 20 20
1066 : 232 20 20
1067 : 225 20 20
1068 : 233 20 20
1069 : 230 20 20
1070 : 221 20 20
1071 : 230 20 20
1072 : 232 20 20
1073 : 235 20 20
1074 : 233 20 20
1075 : 244 20 20
1076 : 232 20 20
1077 : 233 20 20
1078 : 230 20 20
1079 : 240 20 20
1080 : 236 20 20
1081 : 231 20 20
1082 : 239 20 20
1083 : 238 20 20
1084 : 229 20 20
1085 : 236 20 20
1086 : 237 20 20
1087 : 237 20 20
1088 : 232 20 20
1089 : 240 20 20
1090 : 241 20 20
1091 : 239 20 20
1092 : 225 20 20
1093 : 240 20 20
1094 : 235 20 20
1095 : 240 20 20
1096 : 228 20 20
1097 : 226 20 20
1098 : 237 20 20
1099 : 233 20 20
1100 : 240 20 20
1101 : 235 20 20
1102 : 230 20 20
1103 : 236 20 20
1104 : 219 12 20
1105 : 228 20 20
1106 : 207 10 20
1107 : 228 10 20
1108 : 220 10 20
1109 : 224 10 20
1110 : 234 10 20
1111 : 230 10 20
1112 : 229 10 20
1113 : 214 10 20
1114 : 211 10 20
1115 : 210 10 20
1116 : 221 10 20
1117 : 219 12 20
1118 : 214 10 20
1119 : 218 10 20
1120 : 219 12 20
1121 : 219 12 20
1122 : 219 12 20
1123 : 219 12 20
1124 : 219 12 20
1125 : 219 12 20
1126 : 219 12 20
1127 : 219 12 20
1128 : 219 12 20
1129 : 219 12 20
1130 : 219 12 20
1131 : 219 12 20
1132 : 219 12 20
1133 : 219 12 20
1134 : 219 12 20
1135 : 219 12 20
1136 : 219 12 20
1137 : 219 12 20
1138 : 219 12 20
1139 : 219 12 20
1140 : 219 12 20
1141 : 219 12 20
1142 : 219 12 20
1143 : 219 12 20
1144 : 219 12 20
1145 : 219 12 20
1146 : 219 12 20
1147 : 219 12 20
1148 : 219 12 20
1149 : 219 12 20
1150 : 219 12 20
1151 : 219 12 20
1152 : 219 12 20
1153 : 219 12 20
1154 : 219 12 20
1155 : 219 12 20
1156 : 219 12 20
1157 : 219 12 20
1158 : 219 12 20
1159 : 219 12 20
1160 : 219 12 20
1161 : 219 12 20
1162 : 219 12 20
1163 : 219 12 20
1164 : 219 12 20
1165 : 219 12 20
1166 : 219 12 20
1167 : 219 12 20
1168 : 228 10 20
1169 : 233 10 20
1170 : 219 12 20
1171 : 219 12 20
1172 : 219 12 20
1173 : 219 12 20
1174 : 219 12 20
1175 : 219 12 20
1176 : 219 12 20
1177 : 219 12 20
1178 : 219 12 20
1179 : 219 12 20
1180 : 219 12 20
1181 : 219 12 20
1182 : 219 12 20
1183 : 219 12 20
1184 : 219 12 20
1185 : 219 12 20
1186 : 219 12 20
1187 : 219 12 20
1188 : 219 12 20
1189 : 219 12 20
1190 : 219 12 20
1191 : 219 12 20
1192 : 219 12 20
1193 : 219 12 20
1194 : 219 12 20
1195 : 219 12 20
1196 : 219 12 20
1197 : 219 12 20
1198 : 219 12 20
1199 : 219 12 20
1200 : 219 12 20
1201 : 219 12 20
1202 : 219 12 20
1203 : 219 12 20
1204 : 219 12 20
1205 : 219 12 20
1206 : 219 12 20
1207 : 219 12 20
1208 : 219 12 20
1209 : 219 12 20
1210 : 219 12 20
1211 : 219 12 20
1212 : 219 12 20
1213 : 219 12 20
1214 : 219 12 20
1215 : 219 12 20
1216 : 219 12 20
1217 : 219 12 20
1218 : 219 12 20
1219 : 219 12 20
1220 : 219 12 20
1221 : 219 12 20
1222 : 219 12 20
1223 : 219 12 20
1224 : 219 12 20
1225 : 219 12 20
1226 : 219 12 20
1227 : 219 12 20
1228 : 219 12 20
1229 : 219 12 20
1230 : 219 12 20
1231 : 219 12 20
1232 : 219 12 20
1233 : 219 12 20
1234 : 219 12 20
1235 : 219 12 20
1236 : 219 12 20
1237 : 219 12 20
1238 : 219 12 20
1239 : 219 12 20
1240 : 219 12 20
1241 : 219 12 20
1242 : 219 12 20
1243 : 219 12 20
1244 : 219 12 20
1245 : 219 12 20
1246 : 219 12 20
1247 : 219 12 20
1248 : 219 12 20
1249 : 219 12 20
1250 : 219 12 20
1251 : 219 12 20
1252 : 219 12 20
1253 : 219 12 20
1254 : 219 12 20
1255 : 219 12 20
1256 : 219 12 20
1257 : 219 12 20
1258 : 219 12 20
1259 : 219 12 20
1260 : 219 12 20
1261 : 219 12 20
1262 : 219 12 20
1263 : 219 12 20
1264 : 219 12 20
1265 : 219 12 20
1266 : 219 12 20
1267 : 219 12 20
1268 : 219 12 20
1269 : 219 12 20
1270 : 219 12 20
1271 : 219 12 20
1272 : 219 12 20
1273 : 219 12 20
1274 : 219 12 20
1275 : 219 12 20
1276 : 219 12 20
1277 : 219 12 20
1278 : 219 12 20
1279 : 219 12 20
1280 : 219 12 20
1281 : 219 12 20
1282 : 219 12 20
1283 : 219 12 20
1284 : 219 12 20
1285 : 219 12 20
1286 : 219 12 20
1287 : 219 12 20
1288 : 219 12 20
1289 : 219 12 20
1290 : 219 12 20
1291 : 219 12 20
1292 : 219 12 20
1293 : 219 12 20
1294 : 219 12 20
1295 : 219 12 20
1296 : 219 12 20
1297 : 219 12 20
1298 : 219 12 20
1299 : 219 12 20
1300 : 219 12 20
1301 : 219 12 20
1302 : 219 12 20
1303 : 219 12 20
1304 : 219 12 20
1305 : 219 12 20
1306 : 219 12 20
1307 : 219 12 20
1308 : 219 12 20
1309 : 219 12 20
1310 : 219 12 20
1311 : 219 12 20
1312 : 219 12 20
1313 : 219 12 20
1314 : 219 12 20
1315 : 219 12 20
1316 : 219 12 20
1317 : 219 12 20
1318 : 219 12 20
1319 : 219 12 20
1320 : 219 12 20
1321 : 219 12 20
1322 : 219 12 20
1323 : 219 12 20
1324 : 219 12 20
1325 : 219 12 20
1326 : 219 12 20
1327 : 219 12 20
1328 : 219 12 20
1329 : 219 12 20
1330 : 219 12 20
1331 : 219 12 20
1332 : 219 12 20
1333 : 219 12 20
1334 : 219 12 20
1335 : 219 12 20
1336 : 219 12 20
1337 : 219 12 20
1338 : 219 12 20
1339 : 219 12 20
1340 : 219 12 20
1341 : 219 12 20
1342 : 219 12 20
1343 : 219 12 20
1344 : 219 12 20
1345 : 219 12 20
1346 : 219 12 20
1347 : 219 12 20
1348 : 219 12 20
1349 : 219 12 20
1350 : 219 12 20
1351 : 219 12 20
1352 : 219 12 20
1353 : 219 12 20
1354 : 219 12 20
1355 : 219 12 20
1356 : 219 12 20
1357 : 219 12 20
1358 : 219 12 20
1359 : 219 12 20
1360 : 219 12 20
1361 : 219 12 20
1362 : 219 12 20
1363 : 219 12 20
1364 : 219 12 20
1365 : 219 12 20
1366 : 219 12 20
1367 : 219 12 20
1368 : 219 12 20
1369 : 219 12 20
1370 : 219 12 20
1371 : 219 12 20
1372 : 219 12 20
1373 : 219 12 20
1374 : 219 12 20
1375 : 219 12 20
1376 : 219 12 20
1377 : 219 12 20
1378 : 219 12 20
1379 : 219 12 20
1380 : 219 12 20
1381 : 219 12 20
1382 : 219 12 20
1383 : 219 12 20
1384 : 219 12 20
1385 : 219 12 20
1386 : 219 12 20
1387 : 219 12 20
1388 : 219 12 20
1389 : 219 12 20
1390 : 219 12 20
1391 : 219 12 20
1392 : 219 12 20
1393 : 219 12 20
1394 : 219 12 20
1395 : 219 12 20
1396 : 219 12 20
1397 : 219 12 20
1398 : 219 12 20
1399 : 219 12 20
1400 : 219 12 20
1401 : 219 12 20
1402 : 219 12 20
1403 : 219 12 20
1404 : 219 12 20
1405 : 219 12 20
1406 : 219 12 20
1407 : 219 12 20
1408 : 219 12 20
1409 : 219 12 20
1410 : 219 12 20
1411 : 219 12 20
1412 : 219 12 20
1413 : 219 12 20
1414 : 219 12 20
1415 : 219 12 20
1416 : 219 12 20
1417 : 219 12 20
1418 : 219 12 20
1419 : 219 12 20
1420 : 219 12 20
1421 : 219 12 20
1422 : 219 12 20
1423 : 219 12 20
1424 : 219 12 20
1425 : 219 12 20
1426 : 219 12 20
1427 : 219 12 20
1428 : 219 12 20
1429 : 219 12 20
1430 : 219 12 20
1431 : 219 12 20
1432 : 219 12 20
1433 : 219 12 20
1434 : 219 12 20
1435 : 219 12 20
1436 : 219 12 20
1437 : 219 12 20
1438 : 219 12 20
1439 : 219 12 20
1440 : 219 12 20
1441 : 219 12 20
1442 : 219 12 20
1443 : 219 12 20
1444 : 219 12 20
1445 : 219 12 20
1446 : 219 12 20
1447 : 219 12 20
1448 : 219 12 20
1449 : 219 12 20
1450 : 219 12 20
1451 : 219 12 20
1452 : 219 12 20
1453 : 219 12 20
1454 : 219 12 20
1455 : 219 12 20
1456 : 219 12 20
1457 : 219 12 20
1458 : 219 12 20
1459 : 219 12 20
1460 : 219 12 20
1461 : 219 12 20
1462 : 219 12 20
1463 : 219 12 20
1464 : 219 12 20
1465 : 219 12 20
1466 : 219 12 20
1467 : 219 12 20
1468 : 219 12 20
1469 : 219 12 20
1470 : 219 12 20
1471 : 219 12 20
1472 : 219 12 20
1473 : 219 12 20
1474 : 219 12 20
1475 : 219 12 20
1476 : 219 12 20
1477 : 219 12 20
1478 : 219 12 20
1479 : 219 12 20
1480 : 219 12 20
1481 : 219 12 20
1482 : 219 12 20
1483 : 219 12 20
1484 : 219 12 20
1485 : 219 12 20
1486 : 219 12 20
1487 : 219 12 20
1488 : 219 12 20
1489 : 219 12 20
1490 : 219 12 20
1491 : 219 12 20
1492 : 219 12 20
1493 : 219 12 20
1494 : 219 12 20
1495 : 219 12 20
1496 : 219 12 20
1497 : 219 12 20
1498 : 219 12 20
1499 : 219 12 20
1500 : 219 12 20
1501 : 219 12 20
1502 : 219 12 20
1503 : 219 12 20
1504 : 219 12 20
1505 : 219 12 20
1506 : 219 12 20
1507 : 219 12 20
1508 : 219 12 20
1509 : 219 12 20
1510 : 219 12 20
1511 : 219 12 20
1512 : 219 12 20
1513 : 219 12 20
1514 : 219 12 20
1515 : 219 12 20
1516 : 219 12 20
1517 : 219 12 20
1518 : 219 12 20
1519 : 219 12 20
1520 : 219 12 20
1521 : 219 12 20
1522 : 219 12 20
1523 : 219 12 20
1524 : 219 12 20
1525 : 219 12 20
1526 : 219 12 20
1527 : 219 12 20
1528 : 219 12 20
1529 : 219 12 20
1530 : 219 12 20
1531 : 219 12 20
1532 : 219 12 20
1533 : 219 12 20
1534 : 219 12 20
1535 : 219 12 20
1536 : 219 12 20
1537 : 219 12 20
1538 : 219 12 20
1539 : 219 12 20
1540 : 219 12 20
1541 : 219 12 20
1542 : 219 12 20
1543 : 219 12 20
1544 : 219 12 20
1545 : 219 12 20
1546 : 219 12 20
1547 : 219 12 20
1548 : 219 12 20
1549 : 219 12 20
1550 : 219 12 20
1551 : 219 12 20
1552 : 219 12 20
1553 : 219 12 20
1554 : 219 12 20
1555 : 219 12 20
1556 : 219 12 20
1557 : 219 12 20
1558 : 219 12 20
1559 : 219 12 20
1560 : 219 12 20
1561 : 219 12 20
1562 : 219 12 20
1563 : 219 12 20
1564 : 219 12 20
1565 : 219 12 20
1566 : 219 12 20
1567 : 219 12 20
1568 : 219 12 20
1569 : 219 12 20
1570 : 219 12 20
1571 : 219 12 20
1572 : 219 12 20
1573 : 219 12 20
1574 : 219 12 20
1575 : 219 12 20
1576 : 219 12 20
1577 : 219 12 20
1578 : 219 12 20
1579 : 219 12 20
1580 : 219 12 20
1581 : 219 12 20
1582 : 219 12 20
1583 : 219 12 20
1584 : 219 12 20
1585 : 219 12 20
1586 : 219 12 20
1587 : 219 12 20
1588 : 219 12 20
1589 : 219 12 20
1590 : 219 12 20
1591 : 219 12 20
1592 : 219 12 20
1593 : 219 12 20
1594 : 219 12 20
1595 : 219 12 20
1596 : 219 12 20
1597 : 219 12 20
1598 : 219 12 20
1599 : 219 12 20
1600 : 219 12 20
1601 : 219 12 20
1602 : 219 12 20
1603 : 219 12 20
1604 : 219 12 20
1605 : 219 12 20
1606 : 219 12 20
1607 : 219 12 20
1608 : 219 12 20
1609 : 219 12 20
1610 : 219 12 20
1611 : 219 12 20
1612 : 219 12 20
1613 : 219 12 20
1614 : 219 12 20
1615 : 219 12 20
1616 : 219 12 20
1617 : 219 12 20
1618 : 219 12 20
1619 : 219 12 20
1620 : 219 12 20
1621 : 219 12 20
1622 : 219 12 20
1623 : 219 12 20
1624 : 219 12 20
1625 : 219 12 20
1626 : 219 12 20
1627 : 219 12 20
1628 : 219 12 20
1629 : 219 12 20
1630 : 219 12 20
1631 : 219 12 20
1632 : 219 12 20
1633 : 219 12 20
1634 : 219 12 20
1635 : 219 12 20
1636 : 219 12 20
1637 : 219 12 20
1638 : 219 12 20
1639 : 219 12 20
1640 : 219 12 20
1641 : 219 12 20
1642 : 219 12 20
1643 : 219 12 20
1644 : 219 12 20
1645 : 219 12 20
1646 : 219 12 20
1647 : 219 12 20
1648 : 219 12 20
1649 : 219 12 20
1650 : 219 12 20
1651 : 219 12 20
1652 : 219 12 20
1653 : 219 12 20
1654 : 219 12 20
1655 : 219 12 20
1656 : 219 12 20
1657 : 219 12 20
1658 : 219 12 20
1659 : 219 12 20
1660 : 219 12 20
1661 : 219 12 20
1662 : 219 12 20
1663 : 219 12 20
1664 : 219 12 20
1665 : 219 12 20
1666 : 219 12 20
1667 : 219 12 20
1668 : 219 12 20
1669 : 219 12 20
1670 : 219 12 20
1671 : 219 12 20
1672 : 219 12 20
1673 : 219 12 20
1674 : 219 12 20
1675 : 219 12 20
1676 : 219 12 20
1677 : 219 12 20
1678 : 219 12 20
1679 : 219 12 20
1680 : 219 12 20
1681 : 219 12 20
1682 : 219 12 20
1683 : 219 12 20
1684 : 219 12 20
1685 : 219 12 20
1686 : 219 12 20
1687 : 219 12 20
1688 : 219 12 20
1689 : 219 12 20
1690 : 219 12 20
1691 : 219 12 20
1692 : 219 12 20
1693 : 219 12 20
1694 : 219 12 20
1695 : 219 12 20
1696 : 219 12 20
1697 : 219 12 20
1698 : 219 12 20
1699 : 219 12 20
1700 : 219 12 20
1701 : 219 12 20
1702 : 219 12 20
1703 : 219 12 20
1704 : 219 12 20
1705 : 219 12 20
1706 : 219 12 20
1707 : 219 12 20
1708 : 219 12 20
1709 : 219 12 20
1710 : 219 12 20
1711 : 219 12 20
1712 : 219 12 20
1713 : 219 12 20
1714 : 219 12 20
1715 : 219 12 20
1716 : 219 12 20
1717 : 219 12 20
1718 : 219 12 20
1719 : 219 12 20
1720 : 219 12 20
1721 : 219 12 20
1722 : 219 12 20
1723 : 219 12 20
1724 : 219 12 20
1725 : 219 12 20
1726 : 219 12 20
1727 : 219 12 20
1728 : 219 12 20
1729 : 219 12 20
1730 : 219 12 20
1731 : 219 12 20
1732 : 219 12 20
1733 : 219 12 20
1734 : 219 12 20
1735 : 219 12 20
1736 : 219 12 20
1737 : 219 12 20
1738 : 219 12 20
1739 : 219 12 20
1740 : 219 12 20
1741 : 219 12 20
1742 : 219 12 20
1743 : 219 12 20
1744 : 219 12 20
1745 : 219 12 20
1746 : 219 12 20
1747 : 219 12 20
1748 : 219 12 20
1749 : 219 12 20
1750 : 219 12 20
1751 : 219 12 20
1752 : 219 12 20
1753 : 219 12 20
1754 : 219 12 20
1755 : 219 12 20
1756 : 219 12 20
1757 : 219 12 20
1758 : 219 12 20
1759 : 219 12 20
1760 : 219 12 20
1761 : 219 12 20
1762 : 219 12 20
1763 : 219 12 20
1764 : 219 12 20
1765 : 219 12 20
1766 : 219 12 20
1767 : 219 12 20
1768 : 219 12 20
1769 : 219 12 20
1770 : 219 12 20
1771 : 219 12 20
1772 : 219 12 20
1773 : 219 12 20
1774 : 219 12 20
1775 : 219 12 20
1776 : 219 12 20
1777 : 219 12 20
1778 : 219 12 20
1779 : 219 12 20
1780 : 219 12 20
1781 : 219 12 20
1782 : 219 12 20
1783 : 219 12 20
1784 : 219 12 20
1785 : 219 12 20
1786 : 219 12 20
1787 : 219 12 20
1788 : 219 12 20
1789 : 219 12 20
1790 : 219 12 20
1791 : 219 12 20
1792 : 219 12 20
1793 : 219 12 20
1794 : 219 12 20
1795 : 219 12 20
1796 : 219 12 20
1797 : 219 12 20
1798 : 219 12 20
1799 : 219 12 20
1800 : 219 12 20
1801 : 219 12 20
1802 : 219 12 20
1803 : 219 12 20
1804 : 219 12 20
1805 : 219 12 20
1806 : 219 12 20
1807 : 219 12 20
1808 : 219 12 20
1809 : 219 12 20
1810 : 219 12 20
1811 : 219 12 20
1812 : 219 12 20
1813 : 219 12 20
1814 : 219 12 20
1815 : 219 12 20
1816 : 219 12 20
1817 : 219 12 20
1818 : 219 12 20
1819 : 219 12 20
1820 : 219 12 20
1821 : 219 12 20
1822 : 219 12 20
1823 : 219 12 20
1824 : 219 12 20
1825 : 219 12 20
1826 : 219 12 20
1827 : 219 12 20
1828 : 219 12 20
1829 : 219 12 20
1830 : 219 12 20
1831 : 219 12 20
1832 : 219 12 20
1833 : 219 12 20
1834 : 219 12 20
1835 : 219 12 20
1836 : 219 12 20
1837 : 219 12 20
1838 : 219 12 20
1839 : 219 12 20
1840 : 219 12 20
1841 : 219 12 20
1842 : 219 12 20
1843 : 219 12 20
1844 : 219 12 20
1845 : 219 12 20
1846 : 219 12 20
1847 : 219 12 20
1848 : 219 12 20
1849 : 219 12 20
1850 : 219 12 20
1851 : 219 12 20
1852 : 219 12 20
1853 : 219 12 20
1854 : 219 12 20
1855 : 219 12 20
1856 : 219 12 20
1857 : 219 12 20
1858 : 219 12 20
1859 : 219 12 20
1860 : 219 12 20
1861 : 219 12 20
1862 : 219 12 20
1863 : 219 12 20
1864 : 219 12 20
1865 : 219 12 20
1866 : 219 12 20
1867 : 219 12 20
1868 : 219 12 20
1869 : 219 12 20
1870 : 219 12 20
1871 : 219 12 20
1872 : 219 12 20
1873 : 219 12 20
1874 : 219 12 20
1875 : 219 12 20
1876 : 219 12 20
1877 : 219 12 20
1878 : 219 12 20
1879 : 219 12 20
1880 : 219 12 20
1881 : 219 12 20
1882 : 219 12 20
1883 : 219 12 20
1884 : 219 12 20
1885 : 219 12 20
1886 : 219 12 20
1887 : 219 12 20
1888 : 219 12 20
1889 : 219 12 20
1890 : 219 12 20
1891 : 219 12 20
1892 : 219 12 20
1893 : 219 12 20
1894 : 219 12 20
1895 : 219 12 20
1896 : 219 12 20
1897 : 219 12 20
1898 : 219 12 20
1899 : 219 12 20
1900 : 219 12 20
1901 : 219 12 20
1902 : 219 12 20
1903 : 219 12 20
1904 : 219 12 20
1905 : 219 12 20
1906 : 219 12 20
1907 : 219 12 20
1908 : 219 12 20
1909 : 219 12 20
1910 : 219 12 20
1911 : 219 12 20
1912 : 219 12 20
1913 : 219 12 20
1914 : 219 12 20
1915 : 219 12 20
1916 : 219 12 20
1917 : 219 12 20
1918 : 219 12 20
1919 : 219 12 20
1920 : 219 12 20
1921 : 219 12 20
1922 : 219 12 20
1923 : 219 12 20
1924 : 219 12 20
1925 : 219 12 20
1926 : 219 12 20
1927 : 219 12 20
1928 : 219 12 20
1929 : 219 12 20
1930 : 219 12 20
1931 : 219 12 20
1932 : 219 12 20
1933 : 219 12 20
1934 : 219 12 20
1935 : 219 12 20
1936 : 219 12 20
1937 : 219 12 20
1938 : 219 12 20
1939 : 219 12 20
1940 : 219 12 20
1941 : 219 12 20
1942 : 219 12 20
1943 : 219 12 20
1944 : 219 12 20
1945 : 219 12 20
1946 : 219 12 20
1947 : 219 12 20
1948 : 219 12 20
1949 : 219 12 20
1950 : 219 12 20
1951 : 219 12 20
1952 : 219 12 20
1953 : 219 12 20
1954 : 219 12 20
1955 : 219 12 20
1956 : 219 12 20
1957 : 219 12 20
1958 : 219 12 20
1959 : 219 12 20
1960 : 219 12 20
1961 : 219 12 20
1962 : 219 12 20
1963 : 219 12 20
1964 : 219 12 20
1965 : 219 12 20
1966 : 219 12 20
1967 : 219 12 20
1968 : 219 12 20
1969 : 219 12 20
1970 : 219 12 20
1971 : 219 12 20
1972 : 219 12 20
1973 : 219 12 20
1974 : 219 12 20
1975 : 219 12 20
1976 : 219 12 20
1977 : 219 12 20
1978 : 219 12 20
1979 : 219 12 20
1980 : 219 12 20
1981 : 219 12 20
1982 : 219 12 20
1983 : 219 12 20
1984 : 219 12 20
1985 : 219 12 20
1986 : 219 12 20
1987 : 219 12 20
1988 : 219 12 20
1989 : 219 12 20
1990 : 219 12 20
1991 : 219 12 20
1992 : 219 12 20
1993 : 219 12 20
1994 : 219 12 20
1995 : 219 12 20
1996 : 219 12 20
1997 : 219 12 20
1998 : 219 12 20
1999 : 219 12 20
2000 : 219 12 20
2001 : 219 12 20
2002 : 219 12 20
2003 : 219 12 20
2004 : 219 12 20
2005 : 219 12 20
2006 : 219 12 20
2007 : 219 12 20
2008 : 219 12 20
2009 : 219 12 20
2010 : 219 12 20
2011 : 219 12 20
2012 : 219 12 20
2013 : 219 12 20
2014 : 219 12 20
2015 : 219 12 20
2016 : 219 12 20
2017 : 219 12 20
2018 : 219 12 20
2019 : 219 12 20
2020 : 219 12 20
2021 : 219 12 20
2022 : 219 12 20
2023 : 219 12 20
2024 : 219 12 20
2025 : 219 12 20
2026 : 219 12 20
2027 : 219 12 20
2028 : 219 12 20
2029 : 219 12 20
2030 : 219 12 20
2031 : 219 12 20
2032 : 219 12 20
2033 : 219 12 20
2034 : 219 12 20
2035 : 219 12 20
2036 : 219 12 20
2037 : 219 12 20
2038 : 219 12 20
2039 : 219 12 20
2040 : 219 12 20
2041 : 219 12 20
2042 : 219 12 20
2043 : 219 12 20
2044 : 219 12 20
2045 : 219 12 20
2046 : 219 12 20
2047 : 219 12 20
2048 : 219 12 20
2049 : 219 12 20
2050 : 219 12 20
2051 : 219 12 20
2052 : 219 12 20
2053 : 219 12 20
2054 : 219 12 20
2055 : 219 12 20
2056 : 219 12 20
2057 : 219 12 20
2058 : 219 12 20
2059 : 219 12 20
2060 : 219 12 20
2061 : 219 12 20
2062 : 219 12 20
2063 : 219 12 20
2064 : 219 12 20
2065 : 219 12 20
2066 : 219 12 20
2067 : 219 12 20
2068 : 219 12 20
2069 : 219 12 20
2070 : 219 12 20
2071 : 219 12 20
2072 : 219 12 20
2073 : 219 12 20
2074 : 219 12 20
2075 : 219 12 20
2076 : 219 12 20
2077 : 219 12 20
2078 : 219 12 20
2079 : 219 12 20
2080 : 219 12 20
2081 : 219 12 20
2082 : 219 12 20
2083 : 219 12 20
2084 : 219 12 20
2085 : 219 12 20
2086 : 219 12 20
2087 : 219 12 20
2088 : 219 12 20
2089 : 219 12 20
2090 : 219 12 20
2091 : 219 12 20
2092 : 219 12 20
2093 : 219 12 20
2094 : 219 12 20
2095 : 219 12 20
2096 : 219 12 20
2097 : 219 12 20
2098 : 219 12 20
2099 : 219 12 20
2100 : 219 12 20
2101 : 219 12 20
2102 : 219 12 20
2103 : 219 12 20
2104 : 219 12 20
2105 : 219 12 20
2106 : 219 12 20
2107 : 219 12 20
2108 : 219 12 20
2109 : 219 12 20
2110 : 219 12 20
2111 : 219 12 20
2112 : 219 12 20
2113 : 219 12 20
2114 : 219 12 20
2115 : 219 12 20
2116 : 219 12 20
2117 : 219 12 20
2118 : 219 12 20
2119 : 219 12 20
2120 : 219 12 20
2121 : 219 12 20
2122 : 219 12 20
2123 : 219 12 20
2124 : 219 12 20
2125 : 219 12 20
2126 : 219 12 20
2127 : 219 12 20
2128 : 219 12 20
2129 : 219 12 20
2130 : 219 12 20
2131 : 219 12 20
2132 : 219 12 20
2133 : 219 12 20
2134 : 219 12 20
2135 : 219 12 20
2136 : 219 12 20
2137 : 219 12 20
2138 : 219 12 20
2139 : 219 12 20
2140 : 219 12 20
2141 : 219 12 20
2142 : 219 12 20
2143 : 219 12 20
2144 : 219 12 20
2145 : 219 12 20
2146 : 219 12 20
2147 : 219 12 20
2148 : 219 12 20
2149 : 219 12 20
2150 : 219 12 20
2151 : 219 12 20
2152 : 219 12 20
2153 : 219 12 20
2154 : 219 12 20
2155 : 219 12 20
2156 : 219 12 20
2157 : 219 12 20
2158 : 219 12 20
2159 : 219 12 20
2160 : 219 12 20
2161 : 219 12 20
2162 : 219 12 20
2163 : 219 12 20
2164 : 219 12 20
2165 : 219 12 20
2166 : 219 12 20
2167 : 219 12 20
2168 : 219 12 20
2169 : 219 12 20
2170 : 219 12 20
2171 : 219 12 20
2172 : 219 12 20
2173 : 219 12 20
2174 : 219 12 20
2175 : 219 12 20
2176 : 219 12 20
2177 : 219 12 20
2178 : 219 12 20
2179 : 219 12 20
2180 : 219 12 20
2181 : 219 12 20
2182 : 219 12 20
2183 : 219 12 20
2184 : 219 12 20
2185 : 219 12 20
2186 : 219 12 20
2187 : 219 12 20
2188 : 219 12 20
2189 : 219 12 20
2190 : 219 12 20
2191 : 219 12 20
2192 : 219 12 20
2193 : 219 12 20
2194 : 219 12 20
2195 : 219 12 20
2196 : 219 12 20
2197 : 219 12 20
2198 : 219 12 20
2199 : 219 12 20
2200 : 219 12 20
2201 : 219 12 20
2202 : 219 12 20
2203 : 219 12 20
2204 : 219 12 20
2205 : 219 12 20
2206 : 219 12 20
2207 : 219 12 20
2208 : 219 12 20
2209 : 219 12 20
2210 : 219 12 20
2211 : 219 12 20
2212 : 219 12 20
2213 : 219 12 20
2214 : 219 12 20
2215 : 219 12 20
2216 : 219 12 20
2217 : 219 12 20
2218 : 219 12 20
2219 : 219 12 20
2220 : 219 12 20
2221 : 219 12 20
2222 : 219 12 20
2223 : 219 12 20
2224 : 219 12 20
2225 : 219 12 20
2226 : 219 12 20
2227 : 219 12 20
2228 : 219 12 20
2229 : 219 12 20
2230 : 219 12 20
2231 : 219 12 20
2232 : 219 12 20
2233 : 219 12 20
2234 : 219 12 20
2235 : 219 12 20
2236 : 219 12 20
2237 : 219 12 20
2238 : 219 12 20
2239 : 219 12 20
2240 : 219 12 20
2241 : 219 12 20
2242 : 219 12 20
2243 : 219 12 20
2244 : 219 12 20
2245 : 219 12 20
2246 : 219 12 20
2247 : 219 12 20
2248 : 219 12 20
2249 : 219 12 20
2250 : 219 12 20
2251 : 219 12 20
2252 : 219 12 20
2253 : 219 12 20
2254 : 219 12 20
2255 : 219 12 20
2256 : 219 12 20
2257 : 219 12 20
2258 : 219 12 20
2259 : 219 12 20
2260 : 219 12 20
2261 : 219 12 20
2262 : 219 12 20
2263 : 219 12 20
2264 : 219 12 20
2265 : 219 12 20
2266 : 219 12 20
2267 : 219 12 20
2268 : 219 12 20
2269 : 219 12 20
2270 : 219 12 20
2271 : 219 12 20
2272 : 219 12 20
2273 : 219 12 20
2274 : 219 12 20
2275 : 219 12 20
2276 : 219 12 20
2277 : 219 12 20
2278 : 219 12 20
2279 : 219 12 20
2280 : 219 12 20
2281 : 219 12 20
2282 : 219 12 20
2283 : 219 12 20
2284 : 219 12 20
2285 : 219 12 20
2286 : 219 12 20
2287 : 219 12 20
2288 : 219 12 20
2289 : 219 12 20
2290 : 219 12 20
2291 : 219 12 20
2292 : 219 12 20
2293 : 219 12 20
2294 : 219 12 20
2295 : 219 12 20
2296 : 219 12 20
2297 : 219 12 20
2298 : 219 12 20
2299 : 219 12 20
2300 : 219 12 20
2301 : 219 12 20
2302 : 219 12 20
2303 : 219 12 20
2304 : 219 12 20
2305 : 219 12 20
2306 : 219 12 20
2307 : 219 12 20
2308 : 219 12 20
2309 : 219 12 20
2310 : 219 12 20
2311 : 219 12 20
2312 : 219 12 20
2313 : 219 12 20
2314 : 219 12 20
2315 : 219 12 20
2316 : 219 12 20
2317 : 219 12 20
2318 : 219 12 20
2319 : 219 12 20
2320 : 219 12 20
2321 : 219 12 20
2322 : 219 12 20
2323 : 219 12 20
2324 : 219 12 20
2325 : 219 12 20
2326 : 219 12 20
2327 : 219 12 20
2328 : 219 12 20
2329 : 219 12 20
2330 : 219 12 20
2331 : 219 12 20
2332 : 219 12 20
2333 : 219 12 20
2334 : 219 12 20
2335 : 219 12 20
2336 : 219 12 20
2337 : 219 12 20
2338 : 219 12 20
2339 : 219 12 20
2340 : 219 12 20
2341 : 219 12 20
2342 : 219 12 20
2343 : 219 12 20
2344 : 219 12 20
2345 : 219 12 20
2346 : 219 12 20
2347 : 219 12 20
2348 : 219 12 20
2349 : 219 12 20
2350 : 219 12 20
2351 : 219 12 20
2352 : 219 12 20
2353 : 219 12 20
2354 : 219 12 20
2355 : 219 12 20
2356 : 219 12 20
2357 : 219 12 20
2358 : 219 12 20
2359 : 219 12 20
2360 : 219 12 20
2361 : 219 12 20
2362 : 219 12 20
2363 : 219 12 20
2364 : 219 12 20
2365 : 219 12 20
2366 : 219 12 20
2367 : 219 12 20
2368 : 219 12 20
2369 : 219 12 20
2370 : 219 12 20
2371 : 219 12 20
2372 : 219 12 20
2373 : 219 12 20
2374 : 219 12 20
2375 : 219 12 20
2376 : 219 12 20
2377 : 219 12 20
2378 : 219 12 20
2379 : 219 12 20
2380 : 219 12 20
2381 : 219 12 20
2382 : 219 12 20
2383 : 219 12 20
2384 : 219 12 20
2385 : 219 12 20
2386 : 219 12 20
2387 : 219 12 20
2388 : 219 12 20
2389 : 219 12 20
2390 : 219 12 20
2391 : 219 12 20
2392 : 219 12 20
2393 : 219 12 20
2394 : 219 12 20
2395 : 219 12 20
2396 : 219 12 20
2397 : 219 12 20
2398 : 219 12 20
2399 : 219 12 20
2400 : 219 12 20
2401 : 219 12 20
2402 : 219 12 20
2403 : 219 12 20
2404 : 219 12 20
2405 : 219 12 20
2406 : 219 12 20
2407 : 219 12 20
2408 : 219 12 20
2409 : 219 12 20
2410 : 219 12 20
2411 : 219 12 20
2412 : 219 12 20
2413 : 219 12 20
2414 : 219 12 20
2415 : 219 12 20
2416 : 219 12 20
2417 : 219 12 20
2418 : 219 12 20
2419 : 219 12 20
2420 : 219 12 20
2421 : 219 12 20
2422 : 219 12 20
2423 : 219 12 20
2424 : 219 12 20
2425 : 219 12 20
2426 : 219 12 20
2427 : 219 12 20
2428 : 219 12 20
2429 : 219 12 20
2430 : 219 12 20
2431 : 219 12 20
2432 : 219 12 20
2433 : 219 12 20
2434 : 219 12 20
2435 : 219 12 20
2436 : 219 12 20
2437 : 219 12 20
2438 : 219 12 20
2439 : 219 12 20
2440 : 219 12 20
2441 : 219 12 20
2442 : 219 12 20
2443 : 219 12 20
2444 : 219 12 20
2445 : 219 12 20
2446 : 219 12 20
2447 : 219 12 20
2448 : 219 12 20
2449 : 219 12 20
2450 : 219 12 20
2451 : 219 12 20
2452 : 219 12 20
2453 : 219 12 20
2454 : 219 12 20
2455 : 219 12 20
2456 : 219 12 20
2457 : 219 12 20
2458 : 219 12 20
2459 : 219 12 20
2460 : 219 12 20
2461 : 219 12 20
2462 : 219 12 20
2463 : 219 12 20
2464 : 219 12 20
2465 : 219 12 20
2466 : 219 12 20
2467 : 219 12 20
2468 : 219 12 20
2469 : 219 12 20
2470 : 219 12 20
2471 : 219 12 20
2472 : 219 12 20
2473 : 219 12 20
2474 : 219 12 20
2475 : 219 12 20
2476 : 219 12 20
2477 : 219 12 20
2478 : 219 12 20
2479 : 219 12 20
2480 : 219 12 20
2481 : 219 12 20
2482 : 219 12 20
2483 : 219 12 20
2484 : 219 12 20
2485 : 219 12 20
2486 : 219 12 20
2487 : 219 12 20
2488 : 219 12 20
2489 : 219 12 20
2490 : 219 12 20
2491 : 219 12 20
2492 : 219 12 20
2493 : 219 12 20
2494 : 219 12 20
2495 : 219 12 20
2496 : 219 12 20
2497 : 219 12 20
2498 : 219 12 20
2499 : 219 12 20
2500 : 219 12 20
2501 : 219 12 20
2502 : 219 12 20
2503 : 219 12 20
2504 : 219 12 20
2505 : 219 12 20
2506 : 219 12 20
2507 : 219 12 20
2508 : 219 12 20
2509 : 219 12 20
2510 : 219 12 20
2511 : 219 12 20
2512 : 219 12 20
2513 : 219 12 20
2514 : 219 12 20
2515 : 219 12 20
2516 : 219 12 20
2517 : 219 12 20
2518 : 219 12 20
2519 : 219 12 20
2520 : 219 12 20
2521 : 219 12 20
2522 : 219 12 20
2523 : 219 12 20
2524 : 219 12 20
2525 : 219 12 20
2526 : 219 12 20
2527 : 219 12 20
2528 : 219 12 20
2529 : 219 12 20
2530 : 219 12 20
2531 : 219 12 20
2532 : 219 12 20
2533 : 219 12 20
2534 : 219 12 20
2535 : 219 12 20
2536 : 219 12 20
2537 : 219 12 20
2538 : 219 12 20
2539 : 219 12 20
2540 : 219 12 20
2541 : 219 12 20
2542 : 219 12 20
2543 : 219 12 20
2544 : 219 12 20
2545 : 219 12 20
2546 : 219 12 20
2547 : 219 12 20
2548 : 219 12 20
2549 : 219 12 20
2550 : 219 12 20
2551 : 219 12 20
2552 : 219 12 20
2553 : 219 12 20
2554 : 219 12 20
2555 : 219 12 20
2556 : 219 12 20
2557 : 219 12 20
2558 : 219 12 20
2559 : 219 12 20
2560 : 219 12 20
2561 : 219 12 20
2562 : 219 12 20
2563 : 219 12 20
2564 : 219 12 20
2565 : 219 12 20
2566 : 219 12 20
2567 : 219 12 20
2568 : 219 12 20
2569 : 219 12 20
2570 : 219 12 20
2571 : 219 12 20
2572 : 219 12 20
2573 : 219 12 20
2574 : 219 12 20
2575 : 219 12 20
2576 : 219 12 20
2577 : 219 12 20
2578 : 219 12 20
2579 : 219 12 20
2580 : 219 12 20
2581 : 219 12 20
2582 : 219 12 20
2583 : 219 12 20
2584 : 219 12 20
2585 : 219 12 20
2586 : 219 12 20
2587 : 219 12 20
2588 : 219 12 20
2589 : 219 12 20
2590 : 219 12 20
2591 : 219 12 20
2592 : 219 12 20
2593 : 219 12 20
2594 : 219 12 20
2595 : 219 12 20
2596 : 219 12 20
2597 : 219 12 20
2598 : 219 12 20
2599 : 219 12 20
2600 : 219 12 20
2601 : 219 12 20
2602 : 219 12 20
2603 : 219 12 20
2604 : 219 12 20
2605 : 219 12 20
2606 : 219 12 20
2607 : 219 12 20
2608 : 219 12 20
2609 : 219 12 20
2610 : 219 12 20
2611 : 219 12 20
2612 : 219 12 20
2613 : 219 12 20
2614 : 219 12 20
2615 : 219 12 20
2616 : 219 12 20
2617 : 219 12 20
2618 : 219 12 20
2619 : 219 12 20
2620 : 219 12 20
2621 : 219 12 20
2622 : 219 12 20
2623 : 219 12 20
2624 : 219 12 20
2625 : 219 12 20
2626 : 219 12 20
2627 : 219 12 20
2628 : 219 12 20
2629 : 219 12 20
2630 : 219 12 20
2631 : 219 12 20
2632 : 219 12 20
2633 : 219 12 20
2634 : 219 12 20
2635 : 219 12 20
2636 : 219 12 20
2637 : 219 12 20
2638 : 219 12 20
2639 : 219 12 20
2640 : 219 12 20
2641 : 219 12 20
2642 : 219 12 20
2643 : 219 12 20
2644 : 219 12 20
2645 : 219 12 20
2646 : 219 12 20
2647 : 219 12 20
2648 : 219 12 20
2649 : 219 12 20
2650 : 219 12 20
2651 : 219 12 20
2652 : 219 12 20
2653 : 219 12 20
2654 : 219 12 20
2655 : 219 12 20
2656 : 219 12 20
2657 : 219 12 20
2658 : 219 12 20
2659 : 219 12 20
2660 : 219 12 20
2661 : 219 12 20
2662 : 219 12 20
2663 : 219 12 20
2664 : 219 12 20
2665 : 219 12 20
2666 : 219 12 20
2667 : 219 12 20
2668 : 219 12 20
2669 : 219 12 20
2670 : 219 12 20
2671 : 219 12 20
2672 : 219 12 20
2673 : 219 12 20
2674 : 219 12 20
2675 : 219 12 20
2676 : 219 12 20
2677 : 219 12 20
2678 : 219 12 20
2679 : 219 12 20
2680 : 219 12 20
2681 : 219 12 20
2682 : 219 12 20
2683 : 219 12 20
2684 : 219 12 20
2685 : 219 12 20
2686 : 219 12 20
2687 : 219 12 20
2688 : 219 12 20
2689 : 219 12 20
2690 : 219 12 20
2691 : 219 12 20
2692 : 219 12 20
2693 : 219 12 20
2694 : 219 12 20
2695 : 219 12 20
2696 : 219 12 20
2697 : 219 12 20
2698 : 219 12 20
2699 : 219 12 20
2700 : 219 12 20
2701 : 219 12 20
2702 : 219 12 20
2703 : 219 12 20
2704 : 219 12 20
2705 : 219 12 20
2706 : 219 12 20
2707 : 219 12 20
2708 : 219 12 20
2709 : 219 12 20
2710 : 219 12 20
2711 : 219 12 20
2712 : 219 12 20
2713 : 219 12 20
2714 : 219 12 20
2715 : 219 12 20
2716 : 219 12 20
2717 : 219 12 20
2718 : 219 12 20
2719 : 219 12 20
2720 : 219 12 20
2721 : 219 12 20
2722 : 219 12 20
2723 : 219 12 20
2724 : 219 12 20
2725 : 219 12 20
2726 : 219 12 20
2727 : 219 12 20
2728 : 219 12 20
2729 : 219 12 20
2730 : 219 12 20
2731 : 219 12 20
2732 : 219 12 20
2733 : 219 12 20
2734 : 219 12 20
2735 : 219 12 20
2736 : 219 12 20
2737 : 219 12 20
2738 : 219 12 20
2739 : 219 12 20
2740 : 219 12 20
2741 : 219 12 20
2742 : 219 12 20
2743 : 219 12 20
2744 : 219 12 20
2745 : 219 12 20
2746 : 219 12 20
2747 : 219 12 20
2748 : 219 12 20
2749 : 219 12 20
2750 : 219 12 20
2751 : 219 12 20
2752 : 219 12 20
2753 : 219 12 20
2754 : 219 12 20
2755 : 219 12 20
2756 : 219 12 20
2757 : 219 12 20
2758 : 219 12 20
2759 : 219 12 20
2760 : 219 12 20
2761 : 219 12 20
2762 : 219 12 20
2763 : 219 12 20
2764 : 219 12 20
2765 : 219 12 20
2766 : 219 12 20
2767 : 219 12 20
2768 : 219 12 20
2769 : 219 12 20
2770 : 219 12 20
2771 : 219 12 20
2772 : 219 12 20
2773 : 219 12 20
2774 : 219 12 20
2775 : 219 12 20
2776 : 219 12 20
2777 : 219 12 20
2778 : 219 12 20
2779 : 219 12 20
2780 : 219 12 20
2781 : 219 12 20
2782 : 219 12 20
2783 : 219 12 20
2784 : 219 12 20
2785 : 219 12 20
2786 : 219 12 20
2787 : 219 12 20
2788 : 219 12 20
2789 : 219 12 20
2790 : 219 12 20
2791 : 219 12 20
2792 : 219 12 20
2793 : 219 12 20
2794 : 219 12 20
2795 : 219 12 20
2796 : 219 12 20
2797 : 219 12 20
2798 : 219 12 20
2799 : 219 12 20
2800 : 219 12 20
2801 : 219 12 20
2802 : 219 12 20
